Td			ID			Tj			Df			Dd			Db

6        2000           4           1           1           2
9           4           5           4           0           4
10        2010           8           0           2           2
10        2002           4           2           4           6
10        2007           7           2           1           3
11        2011           8           0           3           3
11        2003           4           1           6           7
11        2006           7           0           4           4
11        2001           4           1           6           7
12        2015           9           0           3           3
12        2013           9           0           3           3
12          20          11           1           0           1
12           5           8           0           4           4
12          13          10           0           2           2
13        2017          12           0           1           1
13        2005           7           2           4           6
13        2019          12           0           1           1
13          10           9           1           3           4
13          12           9           0           4           4
14        2009           8           0           6           6
15        2004           7           0           8           8
17          26          13           0           4           4
18        2016          12           0           6           6
18        2024          17           0           1           1
18          18          11           7           0           7
18          28          13           2           3           5
19        2026          17           0           2           2
19           7           8           1          10          11
20          15          10          10           0          10
21        2023          15           1           5           6
21        2008           8           7           6          13
21          36          21           0           0           0
21          23          12           8           1           9
22        2020          15           0           7           7
22        2021          15           1           6           7
22        2030          19           0           3           3
22          21          12           1           9          10
23        2035          21           0           2           2
24        2039          22           0           2           2
24        2027          17           0           7           7
24        2028          19           0           5           5
24          25          13           1          10          11
25        2029          19           0           6           6
26        2034          21           1           4           5
26           2           5           0          21          21
27        2025          17           8           2          10
27        2041          25           0           2           2
28        2033          21           0           7           7
28        2038          22           0           6           6
29        2032          21           0           8           8
29        2042          25           1           3           4
29          29          14           0          15          15
29          43          29           0           0           0
30        2022          15           0          15          15
31        2031          19           1          11          12
31          38          23           0           8           8
32        2037          22           0          10          10
32        2040          25           4           3           7
32        2012           9           7          16          23
32          30          14           1          17          18
33        2014           9           0          24          24
33        2036          22           0          11          11
34        2018          12           1          21          22
38        2043          25           3          10          13
39        2045          38           0           1           1
40        2049          39           0           1           1
41        2046          38           0           3           3
41        2051          39           0           2           2
42        2048          39           0           3           3
42        2044          38           0           4           4
43        2047          38           0           5           5
44          54          44           0           0           0
47        2050          39           0           8           8
48          52          37           1          10          11
48          22          12           9          27          36
48          16          10           0          38          38
48          40          23           0          25          25
48          19          11           0          37          37
48          50          37           1          10          11
Battle Result: win

For Earth army: 
Total number of each unit: 
ES: 10		ET: 19		EG : 21
Percentage of destructed units relative to their total 
ES: 80%		 ET: 57.8947%		 EG: 9.52381%
Percentage of destructed units relative to total units: 42%
Average of Df: 1.2381
Average of Dd: 12.2857
Average of Db: 13.5238
Df/Db: 9.15493%
Dd/Db: 90.8451%
Healed units Percentage: 20%
For Alien army: 
Total number of each unit: 
AS: 15		 AM: 19		 AD: 18
Percentage of destructed units relative to their total 
AS: 100%		 AM: 100%		 AD: 100%
Percentage of destructed units relative to total units: 100%
Average of Df: 0.846154
Average of Dd: 5.59615
Average of Db: 6.44231
Df/Db: 13.1343%
Dd/Db: 86.8657%
