Td			ID			Ta			Tj			Df			Dd			Db

9        2001           5           5           0           4           4
10        2002           5           5           0           5           5
10        2000           5           5           0           5           5
10        2003           5           5           0           5           5
12           9           5           3           2           7           9
12           8           5           3           2           7           9
12          10           5           3           2           7           9
12           4           5           2           3           7          10
12           3           5           2           3           7          10
13        2005           9           9           0           4           4
14        2006           9           9           0           5           5
14        2009           9           9           0           5           5
14        2008           9           9           0           5           5
14          17           9           9           0           5           5
14          12           8           8           0           6           6
14          14           8           8           0           6           6
14          15           8           8           0           6           6
14          18           9           9           0           5           5
14          13           8           8           0           6           6
14           5           5           2           3           9          12
15          19           9           9           0           6           6
17        4001          16          16           0           1           1
17        4003          16          16           0           1           1
17        4004          16          16           0           1           1
17        4000          16          16           0           1           1
17        4002          16          16           0           1           1
18        2013          11          11           0           7           7
20        2004           5           5           0          15          15
20        2014          11          11           0           9           9
20        2018          14          14           0           6           6
20        2022          15          15           0           5           5
21        2027          18          17           1           3           4
21        4008          20          20           0           1           1
21          24          18          18           0           3           3
22        2016          18          14           4           4           8
22        4007          20          20           0           2           2
22        4005          20          20           0           2           2
22        4006          20          20           0           2           2
22          23          18          18           0           4           4
22          21          18          18           0           4           4
23        2011          18          11           7           5          12
23        2028          18          17           1           5           6
23        2012          11          11           0          12          12
24        2015          18          14           4           6          10
24        2019          14          14           0          10          10
24        4009          20          20           0           4           4
24          29          20          20           0           4           4
25        2010          17          11           6           8          14
25          28          20          20           0           5           5
25          27          20          20           0           5           5
26        2021          19          15           4           7          11
26        2020          19          15           4           7          11
26        2007           9           9           0          17          17
26        2029          20          17           3           6           9
27        2024          19          15           4           8          12
27        2036          25          25           0           2           2
29        2031          23          23           0           6           6
29        2032          23          23           0           6           6
29        2034          23          23           0           6           6
30        2040          27          27           0           3           3
30        4012          28          28           0           2           2
30        4010          28          28           0           2           2
30        4011          28          28           0           2           2
30          33          26          26           0           4           4
30          32          26          26           0           4           4
31        4013          28          28           0           3           3
31          31          26          26           0           5           5
32        2033          23          23           0           9           9
32        2037          25          25           0           7           7
32        2017          14          14           0          18          18
32          36          32          32           0           0           0
32        4014          28          28           0           4           4
33        2043          27          27           0           6           6
33        2039          25          25           0           8           8
34        2025          18          17           1          16          17
35        2038          26          25           1           9          10
35        2035          26          25           1           9          10
35        2026          18          17           1          17          18
35        2044          27          27           0           8           8
35        2041          27          27           0           8           8
35        2048          29          29           0           6           6
35        2023          15          15           0          20          20
36        2042          27          27           0           9           9
36        2049          29          29           0           7           7
36        2045          29          29           0           7           7
36        2047          29          29           0           7           7
37        2030          23          23           0          14          14
38        2046          29          29           0           9           9
39          37          32          32           0           7           7
41          42          35          35           0           6           6
41          38          32          32           0           9           9
42          47          39          38           1           3           4
42          43          35          35           0           7           7
42          40          32          32           0          10          10
43        2052          39          39           0           4           4
44        2053          39          39           0           5           5
44        2051          39          39           0           5           5
44          48          39          38           1           5           6
44          49          39          38           1           5           6
45          50          39          38           1           6           7
45          46          39          38           1           6           7
45          41          35          35           0          10          10
45          53          43          43           0           2           2
45          39          32          32           0          13          13
46          51          43          43           0           3           3
46          54          43          43           0           3           3
46          52          43          43           0           3           3
47          20           9           9           0          38          38
47          11           8           8           0          39          39
47          26          20          20           0          27          27
47          45          35          35           0          12          12
47          16           9           9           0          38          38
47          35          26          26           0          21          21
47           1           5           2           3          42          45
47           7           5           3           2          42          44
47           2           5           2           3          42          45
47          22          18          18           0          29          29
47          25          18          18           0          29          29
47          30          20          20           0          27          27
47          34          26          26           0          21          21
47           6           5           3           2          42          44
47          44          35          35           0          12          12
47          55          43          43           0           4           4

Battle Result: loss

For Earth army: 
Total number of each unit: 
ES: 7		ET: 10		EG :37		HU: 1
Percentage of destructed units relative to their total 
ES: 100%		 ET: 100%		 EG: 100%		 HU: 100%
Percentage of destructed units relative to total units: 100%
Average of Df: 0.545455
Average of Dd: 12.4545
Average of Db: 13
Df/Db: 4.1958%
Dd/Db: 95.8042%
Healed units Percentage: 12.7273%
Infected units Percentage : 9.09091%
For Alien army: 
Total number of each unit: 
AS: 23		 AM: 8		 AD: 29
Percentage of destructed units relative to their total 
AS: 82.6087%		 AM: 100%		 AD: 89.6552%
Percentage of destructed units relative to total units: 88.3333%
Average of Df: 0.792453
Average of Dd: 7.71698
Average of Db: 8.50943
Df/Db: 9.31264%
Dd/Db: 90.6874%
